,A,C,G,T
-20,0.2642625795689997,0.2263412347562876,0.24616834593721248,0.2632278397375002
-19,0.2627466233821282,0.2308143028471552,0.2495443404717915,0.2568947332989251
-18,0.26617497824553005,0.22401992684514058,0.24808573131172598,0.2617193635976034
-17,0.2584580631166364,0.2270393724739258,0.24650744140006534,0.2679951230093725
-16,0.2669005428020755,0.22301510720153989,0.25370823328770503,0.2563761167086796
-15,0.26790037574769304,0.22992916395514965,0.2528206010467079,0.24934985925044942
-14,0.2701119763032112,0.22256381103406664,0.2454402880316755,0.2618839246310467
-13,0.25492000089760564,0.2275953892990448,0.2596374171896466,0.2578471926137029
-12,0.25658057132598794,0.23822702939907797,0.24491668474344686,0.26027571453148723
-11,0.26558904123251226,0.22445875626765602,0.2520327027653734,0.2579194997344583
-10,0.26130796101399517,0.21902824216402747,0.26305579865708223,0.25660799816489516
-9,0.26814721729785795,0.21378722258375782,0.2643498467837045,0.25371571333467974
-8,0.27958919582014974,0.20909224643264093,0.2611533733765181,0.2501651843706912
-7,0.27070040666522055,0.2120643184305864,0.2678180952309714,0.2494171796732217
-6,0.2714783315505888,0.22410968740883694,0.25343147154964135,0.2509805094909329
-5,0.2520376894633565,0.24188726571869537,0.2517534476783181,0.25432159713963004
-4,0.2720767353085644,0.2131838321277991,0.2732660627775409,0.2414733697860956
-3,0.2540822356364398,0.3181737714646181,0.2756372376685192,0.15210675523042286
-2,1.0,1e-06,1e-06,1e-06
-1,1e-06,1e-06,1.0,1e-06
1,0.280441921175265,0.2199582613378812,0.2919462334223459,0.20765358406450793
2,0.28114255224189477,0.23746406460765906,0.24041618981367202,0.24097719333677414
3,0.2840722373069836,0.21669446750792262,0.25202023602041557,0.24721305916467823
4,0.26037544849114985,0.22961500198221244,0.26306327870405694,0.24694627082258078
