,A,C,G,T
-25,0.25792869354697817,0.2302796600651417,0.25774150474835583,0.2540501416395243
-24,0.27008348620418554,0.23296769121335778,0.24371731995557386,0.2532315026268828
-23,0.2605443450263936,0.22980295259131694,0.24177804400184694,0.2678746583804425
-22,0.2579536520534611,0.22896185092284077,0.24863164988207107,0.26445284714162703
-21,0.2620693097725032,0.23292526175233674,0.25337127026318745,0.2516341582119726
-20,0.2642631624923565,0.22631624923564575,0.2461882120973881,0.2632323761746097
-19,0.2627357018955986,0.23078631774674604,0.24955761047258931,0.25692036988506606
-18,0.26614503388117255,0.2240225624898606,0.24811251294722525,0.2617198906817416
-17,0.25846530143636204,0.22704254177430022,0.24650268927907354,0.2679894675102642
-16,0.2668912932250134,0.22302422223054172,0.2537057142500593,0.2563787702943856
-15,0.26793705464664996,0.22993273682502838,0.25276727440629954,0.24936293412202215
-14,0.2701059488600202,0.22253253965282718,0.24546191955873362,0.261899591928419
-13,0.2549311769183732,0.2275916289169256,0.25963585539041345,0.2578413387742877
-12,0.2566033968527323,0.2382164651267268,0.24489536146157015,0.2602847765589707
-11,0.2655934508878989,0.2244593363533126,0.2519835773027342,0.25796363545605433
-10,0.26131057117542084,0.219045836297156,0.26302771642144934,0.2566158761059738
-9,0.26817416045823816,0.2137371619682278,0.26434802141439856,0.25374065615913544
-8,0.2795901813235496,0.2091098548662848,0.26116331598717135,0.2501366478229943
-7,0.2707224239701496,0.21206993373516528,0.2677623451012691,0.24944529719341593
-6,0.27148615426852857,0.2241248923664408,0.2534236831268017,0.25096527023822895
-5,0.2520160233611621,0.2418903572810203,0.25174397564049766,0.25434964371731994
-4,0.27205271236569206,0.21316062046847117,0.2732731833327094,0.24151348383312743
-3,0.2540900752498971,0.3181460821384448,0.27564673729924,0.1521171053124181
-2,1.0,1e-06,1e-06,1e-06
-1,1e-06,1e-06,1.0,1e-06
1,0.2804113161868394,0.21998926784221232,0.29189971672095144,0.20769969924999687
2,0.28113760872549387,0.23746521408158935,0.2403903510413937,0.24100682615152308
3,0.28411016684761586,0.2166897532851634,0.2519835773027342,0.24721650256448655
4,0.2603896022861992,0.2295858135849151,0.2630726417331187,0.24695194239576704
5,0.2667764840951917,0.20956909138557148,0.2681716646075899,0.2554827599116469
6,0.26327979733692736,0.21815731346636216,0.2766151273507793,0.24194776184593114
