,A,C,G,T
-20,0.26426449644962,0.22633391778881287,0.246174643278471,0.2632269424830961
-19,0.26274308318139983,0.2308158516297828,0.24954918778978558,0.2568918773990318
-18,0.2661425688938328,0.22403184492558792,0.2481025981249205,0.2617229880556588
-17,0.2584556907091532,0.22705222438102174,0.24648890241256238,0.2680031824972627
-16,0.2668908049273837,0.22302671452051787,0.25371436837655226,0.25636811217554617
-15,0.26790341769278925,0.22993542723030455,0.25280650865584386,0.24935464642106234
-14,0.27009824339120525,0.22256280817971633,0.24545134844603847,0.26188759998304
-13,0.2549240166307929,0.2276059190458494,0.2596229389214926,0.2578471254018651
-12,0.2565851006252759,0.2382283766021604,0.24491012438176998,0.2602763983907937
-11,0.2655938624692288,0.22445335122448826,0.25201836670050354,0.2579344196057794
-10,0.2613114582372058,0.2190411105818034,0.2630423775948202,0.2566050535861706
-9,0.26814285322352555,0.2137785171458287,0.2643492965334225,0.2537293330972233
-8,0.27958338217651885,0.20909455957580006,0.2611493404299364,0.2501727178177447
-7,0.27069683221804597,0.21207752722955633,0.26779617052798027,0.24942947002441743
-6,0.2714899624136099,0.2241116567691667,0.2534300386838029,0.25096834213342045
-5,0.2520258490608391,0.241877274325777,0.25174900172842524,0.2543478748849587
-4,0.27205363355888496,0.213179928318988,0.2732832347740202,0.24148320334810683
-3,0.2540785099128804,0.3181649261865153,0.2756401782797056,0.15211638562089874
-2,1.0,1e-06,1e-06,1e-06
-1,1e-06,1e-06,1.0,1e-06
1,0.2804288888944314,0.21997141738351836,0.29191930024966145,0.20768039347238884
2,0.28110479544473904,0.2374801405686095,0.24041821406035271,0.24099684992629875
3,0.2840952454588308,0.21671160239734824,0.2520258490608391,0.24716730308298188
4,0.26040110439638553,0.22959622689509482,0.26307230703616225,0.2469303616723574
5,0.2667611106815682,0.20956345415682529,0.26819772386598595,0.2554777112956206
6,0.26327183664510917,0.218163180302437,0.2766478028048875,0.24191718024756637
