,A,C,G,T
-15,0.26792889973966444,0.22992987132696405,0.2528169803564978,0.24932424857687374
-14,0.2700913042936685,0.22256822909530274,0.24542295188151617,0.2619175147295126
-13,0.25488471743002705,0.2276179918037892,0.25961809145376863,0.25787919931241515
-12,0.2565488720867951,0.23826060960874926,0.24490477198839078,0.2602857463160648
-11,0.26552982648447326,0.22447403495223028,0.2520422017662959,0.2579539367970005
-10,0.2612971936074538,0.2190480935713307,0.2630535244952106,0.2566011883260049
-9,0.2681331821975312,0.2137940484049775,0.2643564479764826,0.2537163214210087
-8,0.2795655260896102,0.20907562187815298,0.26117013988365867,0.25018871214857813
-7,0.2706817304218931,0.2120676125110549,0.2678342322591896,0.24941642480786239
-6,0.2715063340018186,0.2241501725190269,0.2533999327362639,0.2509435607428906
-5,0.2519998505250308,0.24193769385035063,0.25174823432692667,0.2543142212976919
-4,0.27198963640213747,0.21322106102315616,0.273285086134951,0.24150421643975536
-3,0.2540501488521568,0.3182023143707727,0.2756368256499047,0.15211071112716584
-2,1.0,1e-06,1e-06,1e-06
-1,1e-06,1e-06,1.0,1e-06
1,0.28040009466748045,0.21992999588943835,0.2919918785266751,0.20767803091640613
2,0.28112753951744496,0.23747586602060264,0.24041554041429478,0.2409810540476576
3,0.28402984516884444,0.21671628405226642,0.2520521667642406,0.24720170401464855
4,0.26035550130167784,0.22960351764427447,0.26309587573647564,0.24694510531757202
