,A,C,G,T
-15,0.26793389746935686,0.22994685699201609,0.2528003426653186,0.24931890287330846
-14,0.2700954781127508,0.22257556816200896,0.2454091314330682,0.261919822292172
-13,0.25489966580170237,0.22764083893235845,0.25960135273111234,0.25785814253482686
-12,0.2565557154881736,0.238269440529139,0.24491107137698664,0.26026377260570077
-11,0.2655506801010066,0.22447317697567973,0.25204827198063545,0.2579278709426783
-10,0.2613221502248741,0.21905926416607316,0.2630379671180751,0.25658061849097763
-9,0.2681156893898266,0.2138122014752539,0.2643478650655696,0.2537242440693499
-8,0.27954367737661806,0.2091005533447223,0.2611876740097321,0.2501680952689275
-7,0.2706931501800487,0.2120615203781272,0.26781685335617766,0.24942847608564642
-6,0.27150249777118124,0.22415690884006795,0.25339552443233604,0.2509450689564148
-5,0.25199099507418604,0.2419351625418993,0.2517494359469865,0.25432440643692816
-4,0.2719980675269824,0.21323196150991885,0.2732681206699904,0.24150185029310833
-3,0.2541226921142151,0.3181557832243412,0.275628925335817,0.1520925993256267
-2,1.0,1e-06,1e-06,1e-06
-1,1e-06,1e-06,1.0,1e-06
1,0.28037294736999385,0.2200005976720673,0.2919628048750118,0.207663650082927
2,0.2810951344513121,0.23745013173688484,0.24041358907057012,0.2410411447412329
