,A,C,G,T
-9,0.25060781680684147,0.22150682026998375,0.24513746554526822,0.28274789737790657
-8,0.26236129761820626,0.217637288854336,0.24757580040992297,0.2724256131175348
-7,0.2529825429358965,0.2213690013428511,0.24425754470280586,0.28139091101844654
-6,0.26123400947063397,0.21472895610997245,0.258951162626334,0.2650858717930596
-5,0.2523959290409216,0.232023464555799,0.2290338539826136,0.2865467524206658
-4,0.2406212453176903,0.24832850378118596,0.23957170118029542,0.2714785497208283
-3,0.24980563997455651,0.21905081631210685,0.24539896812495582,0.2857445755883808
-2,0.2685737507951092,0.23375856951021273,0.25042405823733127,0.2472436214573468
-1,0.2945225811011379,0.07019577355290127,0.2618594953706976,0.3734221499752633
1,1e-06,1e-06,1.0,1e-06
2,1e-06,1e-06,1e-06,1.0
3,0.1879779489716588,0.20922680048059933,0.33929606332603013,0.2634991872217118
4,0.24711640398614743,0.22037599830376706,0.22744010177397697,0.30506749593610855
5,0.23857516432256698,0.2445225811011379,0.2331825570711711,0.28371969750512405
6,0.2504169906000424,0.2251289843805216,0.23196338963884375,0.2924906353805923
7,0.2547211817089547,0.22216057671920278,0.25666478196338965,0.2664534596084529
8,0.25354795391900486,0.22258816877517845,0.23540886281716022,0.28845501448865646
9,0.2607675454095696,0.2216835112022051,0.24731076401159094,0.2702381793766344
10,0.25580959785143825,0.21240016962329494,0.2458230263622871,0.2859672061629797
11,0.25085165029330697,0.23650081277828822,0.23990741395151602,0.2727401229768888
12,0.25249840978161003,0.2191992366951728,0.2310339953353594,0.2972683581878578
13,0.25455509223266665,0.22867340448088205,0.24557565905717718,0.2711958442292742
14,0.2552477206869743,0.2202381793766344,0.23957523499893985,0.2849388649374514
15,0.25280585200367517,0.22164110537847198,0.24089688317195562,0.2846561594458972
