,A,C,G,T
-9,0.25058902072434536,0.22148945414469245,0.2451668509380177,0.2827546741929445
-8,0.26235530577858474,0.2176321190263408,0.24758651628240497,0.2724260589126695
-7,0.25301221842689964,0.22134109510167893,0.24425550253093462,0.28139118394048684
-6,0.26122141880698135,0.21474265004574403,0.2589501125056076,0.26508581864166697
-5,0.2524329116875135,0.23201941384048577,0.22902397411487935,0.28652370035712144
-4,0.24058891475360036,0.24832124678113862,0.2395998544668435,0.2714899839984175
-3,0.24981896664394182,0.21905919172580424,0.245389389502538,0.2857324521277159
-2,0.2685581267198169,0.23375026934231025,0.25046185583033376,0.24722974810753912
-1,0.2945280239635178,0.07018795677806547,0.2618643079933733,0.3734197112650434
1,1e-06,1e-06,1.0,1e-06
2,1e-06,1e-06,1e-06,1.0
3,0.18797443985630366,0.20923923602157565,0.3393183255209345,0.2634679986011862
4,0.2471096479298615,0.22036616424759004,0.22745913944690335,0.3050650483756451
5,0.23860019710558572,0.24452749410979277,0.233202753826427,0.2836695549581945
6,0.25039474102516096,0.2251313154148578,0.2319805579006489,0.2924933856593323
7,0.2547042179888872,0.2221606021964203,0.25665054733889797,0.2664846324757945
8,0.25353500743561397,0.22259861460912692,0.23539988060629397,0.2884664973489652
9,0.26078693875244174,0.2216660720530419,0.24731805706171384,0.2702289321328025
10,0.2558027813788207,0.21240069658103053,0.24584153134791256,0.28595499069223623
11,0.2508398181542016,0.23650197635439443,0.23992129906003948,0.2727369064313645
12,0.2525212206416882,0.2191934213361498,0.23099502997205903,0.29729032805010297
