,A,C,G,T
-9,0.2635561160151324,0.25809163514081546,0.29087852038671713,0.187473728457335
-8,0.22026061370323666,0.2833123160992013,0.2648171500630517,0.2316099201345103
-7,0.23791509037410677,0.27574611181168557,0.2744850777637663,0.21185372005044137
-6,0.26313577133249266,0.2572509457755359,0.26313577133249266,0.21647751155947878
-5,0.26229508196721313,0.27784783522488443,0.23203026481715006,0.2278268179907524
-4,0.2702816309373686,0.3051702395964691,0.2408575031525851,0.18369062631357713
-3,0.32828919714165616,0.3635981504833964,0.1887347625052543,0.11937788986969315
-2,0.5851197982345523,0.13787305590584278,0.13366960907944514,0.14333753678015973
-1,0.09415720891130727,0.034047919293820936,0.7885666246321984,0.0832282471626734
1,1e-06,1e-06,1.0,1e-06
2,1e-06,1e-06,1e-06,1.0
3,0.4901218999579655,0.0273224043715847,0.45859604875998317,0.02395964691046658
4,0.7137452711223203,0.07692307692307693,0.1176965111391341,0.09163514081546868
5,0.06515342580916351,0.049600672551492225,0.8381672971836907,0.047078604455653636
6,0.15090374106767548,0.16309373686422868,0.21647751155947878,0.46952501050861706
7,0.2543085329970576,0.21563682219419925,0.35561160151324084,0.1744430432955023
8,0.19167717528373265,0.2858343841950399,0.2728036990332072,0.24968474148802017
9,0.19419924337957126,0.31483816729718367,0.2694409415720891,0.22152164775115596
10,0.20260613703236655,0.2812105926860025,0.294661622530475,0.22152164775115596
11,0.208911307271963,0.27616645649432536,0.296343001261034,0.2185792349726776
12,0.19756200084068937,0.2740647330811265,0.29508196721311475,0.23329129886506936
