,A,C,G,T
-25,0.25795440357579846,0.23025694808599895,0.2577396559043124,0.2540489924338902
-24,0.2700876470147577,0.23295627637525906,0.24371613354308688,0.2532399430668964
-23,0.26052138736984043,0.22982994980897445,0.24176592503808025,0.26788273778310484
-22,0.2579469123779559,0.22896596499113542,0.2486203710639998,0.2644667515669089
-21,0.2620545858616126,0.23290883212225635,0.2533772816940095,0.2516593003221215
-20,0.26424950682947534,0.22632906335056308,0.24619322296301846,0.2632282068569431
-19,0.2627188054036507,0.23078882313281893,0.24957175319000174,0.2569206182735286
-18,0.2661322945538992,0.22401927734911478,0.24812844907234,0.26171997902464605
-17,0.2584438285015107,0.22703073888181388,0.24650785327240493,0.2680175793442705
-16,0.26688391140410017,0.22304542162958524,0.2537143855969236,0.256356281369391
-15,0.2679201937723175,0.2299647913701401,0.25273303867955155,0.24938197617799085
-14,0.2700976352785477,0.22253352311034535,0.24546907383824007,0.2618997677728669
-13,0.25493794791120433,0.2276125552475841,0.2596349289584738,0.25781456788273777
-12,0.2565885085025095,0.2382275825904562,0.24491472519789248,0.26026918370914176
-11,0.2655979224411317,0.22445376682398183,0.25197393063150797,0.25797438010337853
-10,0.2613179514070967,0.21904262491572402,0.26301845331735213,0.2566209703598272
-9,0.2681748944989637,0.21374634804105178,0.26435188653332337,0.2537268709266612
-8,0.2796014682747771,0.20910180537868006,0.26117561864808847,0.2501211076984543
-7,0.2707243988313731,0.2120683197243239,0.26776287861762427,0.24944440282667865
-6,0.2714860039453642,0.22411416585512023,0.25340974355132717,0.2509900866481884
-5,0.25202636901640574,0.2419032636651934,0.2517466976302844,0.2543236696881165
-4,0.2720528379154494,0.21313706394985893,0.27327140609783507,0.24153869203685668
-3,0.2540764601593128,0.3181636577021999,0.27565110994581365,0.1521087721926736
-2,1.0,1e-06,1e-06,1e-06
-1,1e-06,1e-06,1.0,1e-06
1,0.28041301470771846,0.219999001173621,0.29187954153869206,0.20770844257996854
2,0.28112467850275924,0.23747846280620272,0.2403650710415262,0.24103178764951183
3,0.28409618698029815,0.21669288585911553,0.2519814218293505,0.2472295053312358
4,0.2604090194022024,0.2295877344120658,0.2630683946363023,0.24693485154942943
5,0.2667540639748296,0.20955127724923214,0.2681674033011212,0.2555272554748171
6,0.26328813643968335,0.2181411841086723,0.27662746273129074,0.24194321672035357
7,0.26063625240342597,0.21744949684121156,0.274008040552351,0.24790621020301146
8,0.264169600719155,0.22337503433465677,0.2524958174145379,0.2599595475316503
9,0.2650585561964692,0.21673533598022324,0.2636227432766499,0.2545833645466577
