,A,C,G,T
-6,0.26126851028388315,0.21474399695083216,0.25896045963381753,0.26502703313146714
-5,0.2523998080153588,0.23202967292028404,0.2290475585482573,0.2865229605160999
-4,0.24058781179858552,0.24833072177755192,0.23960318468640157,0.271478281737461
-3,0.24980589788111068,0.21907070963734665,0.24538036957043435,0.2857430229111083
-2,0.26854910430694956,0.23376247547255044,0.2504976072502435,0.2471908129702565
-1,0.29454820084981437,0.0701767388020723,0.26185434576998545,0.37342071457812787
1,1e-06,1e-06,1.0,1e-06
2,1e-06,1e-06,1e-06,1.0
3,0.18797555019127882,0.2092385550332444,0.33933285337173025,0.26345304140374654
4,0.24707788082835727,0.22039413317522832,0.22750885811488022,0.3050191278815342
5,0.2386256158330863,0.24450514547071528,0.23319781476305426,0.28367142393314415
6,0.25043055379099083,0.22513728313499626,0.23199438162594052,0.29243778144807236
7,0.2547290334420305,0.22213399398636344,0.25662770507771143,0.2665092674938946
8,0.253497367269442,0.2226139555894352,0.23544234108330156,0.2884463360578213
9,0.26077090303363964,0.22170696932480696,0.24727904120611527,0.2702430864354381
