,A,C,G,T
-6,0.26125286418890054,0.21475856079141645,0.2589403295450132,0.2650482454746698
-5,0.25240521255900494,0.2320301935820985,0.22901507207693855,0.28654952178195797
-4,0.24058127588361772,0.24834856781728504,0.2395856502812113,0.27148450601788593
-3,0.24979257799949867,0.21906234664011665,0.24538640512076373,0.285758670239621
-2,0.26853646567033496,0.23376018133096077,0.2504775119245584,0.24722584107414586
-1,0.2945251183629373,0.07018807438241202,0.26188836989256425,0.37339843736208644
1,1e-06,1e-06,1.0,1e-06
2,1e-06,1e-06,1e-06,1.0
3,0.18799317890544734,0.20924378351851264,0.3393353316457126,0.2634277059303274
4,0.2471022705206557,0.22037925568159752,0.2274757360391754,0.3050427377585714
5,0.2385935552660474,0.24453200300806033,0.23323059324457437,0.2836438484813179
6,0.2503927778307366,0.225113773173892,0.2320019488841579,0.2924915001112135
7,0.2546930330921942,0.22214807989012814,0.2566560395990665,0.26650284741861113
8,0.25351028636593126,0.22261411740614817,0.23543014909669926,0.28844544713122133
9,0.26076917373666764,0.22167498119962292,0.24733175869142315,0.2702240863722863
10,0.2557733927884225,0.2124213120368311,0.24584185087505606,0.2859634442996904
11,0.25085175417227146,0.23650697820568495,0.239921056069256,0.2727202115527876
12,0.25249700782731194,0.21922475365327515,0.23099220093278114,0.2972860375866318
